-0.264603
0.619943
0.078749
-0.172154
-0.01482
0.594787
-0.255011
-0.172172
-0.162492
-0.189138
-0.38701
-0.555106
-0.496843
0.085357
0.276496
0.157618
0.168454
0.148385
0.159147
-0.008853
0.419403
-0.481634
0.028089
0.7025189
-0.102411
0.0077
-0.52463
-0.591302
0.404918
-0.072743
-0.04502
0.04378
0.022809
-0.040698
0.09291
-0.14351
-0.776992
-0.515231
0.052594
0.38903
0.022466
0.012304
0.044661
0.32484
0.117058
-0.154225
0.037455
0.732923
-0.275495
-0.437378
-0.437378
0.181992
0.23465
0.720497
-0.069202
-0.165892
0.015557
0.707996
-0.545603
-0.591372
0.418382
0.181902
0.03648
-0.213752
0.258782
-0.588665
0.429074
-0.234593
0.24669
-0.550366
0.415176
0.568882
-0.110035
0.585349
-0.507174
0.043145
0.219672
0.154338
-0.065439
-0.323528
0.041335
0.04124
-0.046984
0.14521
0.811672
-0.4045
-0.319687
-0.553011
0.299229
-0.420399
-0.124065
0.044263
0.746453
-0.309903
-0.074995
0.039552
-0.609192
0.422619
0.153453
0.141417
-0.199644
0.223356
-0.159892
0.176785
-0.07961
0.170687
-0.213433
0.167577
-0.285346
0.087625
-0.184411
0.422325
0.073115
-0.174288
-0.220988
0.15018
0.03092
-0.269185
-0.386675
0.061405
0.18587
0.194599
0.077427
0.60548
-0.25816
-0.192854
-0.28058
0.35988
-0.896805
0.019752
0.214326
0.165179
0.408842
-0.167719
-0.247015
0.03286
-0.03341
0.35283
0.13591
-0.14628
-0.51843
-0.14166
-0.19006
0.140289
0.408422
0.046839
-0.02906
-0.115072
-0.109626
-0.126333
0.002735
-0.017605
0.168577
0.169499
0.71559
0.845675
0.03793
-0.54785
-0.62838
-0.56449
-0.33792
-0.580471
0.33352
0.31186
0.147777
0.197737
0.02962
-0.19962
-0.0856
-0.006094
-0.370413
0.260157
0.270445
-0.40972
-0.15351
-0.222588
0.126347
0.218625
-0.10098
-0.36743
0.092401
-0.212141
-0.009793
0.22428
0.08488
-0.060345
-0.229014
0.045119
0.60171
-0.206553
0.192846
-0.09703
0.71332
-0.969456
0.076304
0.419973
0.569231
0.086591
0.005806
0.165473
-0.20147
-0.441075
-0.018345
0.696736
-0.08988
0.30729
-0.03565
-0.26918
-0.644315
0.061069
0.037416
0.071203
0.407593
-0.237488
-0.090768
-0.168577
0.062627
0.119189
-0.162879
-0.115915
-0.33867
0.176368
0.149842
0.358749
0.210053
0.358285
-0.050097
-0.2719
0.01761
0.59256
-0.28879
0.0076
-0.477912
0.051882
0.10113
0.19446
-0.194566
0.069895
-0.262715
0.14941
-0.266647
-0.212082
0.105837
-0.280551
-0.257637
0.182452
-0.22582
0.14819
-0.218708
0.02874
0.076188
-0.417893
0.23415
0.082015
0.16942
0.47949
0.18768
0.084125
0.32433
-0.325207
-0.477497
-0.521473
0.096497
0.095944
-0.175899
-0.257121
-0.21293
-0.169226
-0.17367
0.622405
0.060123
-0.553793
0.087144
0.210791
0.194014
-0.169369
0.160867
-0.011157
0.049023
-0.374139
0.064427
0.066647
-0.01951
0.05172
-0.12324
0.071827
-0.178642
-0.48933
0.062447
0.155118
0.123918
0.044498
-0.303215
-0.014848
0.079231
-0.072577
-0.02087
-0.012295
0.666105
0.051336
0.29029
0.086717
-0.533767
0.103171
0.37803
0.271026
-0.302911
-0.302884
0.156795
0.164678
0.262475
-0.069708
-0.02802
0.169051
0.1844
-0.089435
-0.162463
-0.282017
0.342897
-0.10437
-0.270343
0.708075
-0.133469
0.239325
-0.95173
-0.551279
-0.552213
0.42466
0.434931
0.718608
-0.089589
-0.531703
-0.603629
0.410947
-0.258925
-0.25459
0.00122
0.053744
0.231045
0.075086
-0.186692
-0.08502
0.211567
-0.531445
-0.13681
0.751173
0.01249
0.707224
0.22225
-0.07677
-0.43376
-0.272875
0.098299
0.183303
0.14019
-0.344892
0.582895
0.543072
0.516001
0.037207
0.178155
-0.907536
-0.73482
-0.7012
-0.564889
-0.511467
0.392295
0.085214
0.169246
-0.34104
0.33015
0.664648
-1.006585
-0.604605
-0.555611
0.0991
0.392762
0.418693
-0.11892
0.694643
0.1106
-0.131703
-0.423165
-0.05442
-0.03548
0.061545
-0.071655
0.304168
-0.023448
0.002698
-0.602346
-0.247424
0.270446
0.166339
0.004803
0.255215
0.092573
0.133303
0.41439
-0.28292
-0.50924
0.047111
0.114201
0.137545
-0.014875
0.874332
0.16418
-0.09257
-0.951492
-0.727677
0.299364
-0.869264
0.381998
-0.07134
0.314129
0.739626
-0.093827
-0.574544
-0.106256
0.738092
-0.783062
-0.353539
0.379643
0.332317
0.521768
-0.063321
0.289011
-0.191511
-0.051729
-0.145417
0.124022
-0.01941
-0.62988
0.071256
0.039349
0.605625
-0.140799
0.02576
-0.02561
-0.89166
-0.584466
-0.337667
0.383283
0.161406
-0.310057
0.455625
0.2636
0.653925
-0.58267
-0.475165
-0.117205
0.241523
-0.107095
0.38915
-0.547603
0.20581
0.2748
0.08464
-0.479994
0.209874
0.25947
0.26756
-0.041574
0.470062
-0.882988
0.385571
0.592455
0.05004
0.44299
-0.892035
-0.51497
-0.156155
0.39667
0.325136
-0.065932
-0.031935
0.08754
0.29657
-0.06262
0.055035
-0.46622
0.039647
0.19812
-0.035471
-0.066728
-0.067585
-0.192757
-0.059149
0.28071
-0.084967
-0.005905
-0.009156
0.482401
0.81419
-0.361708
0.654128
-0.42049
-0.732604
-0.731112
-0.062983
0.105283
-0.223222
0.33105
-0.050221
-0.234568
-0.35977
0.0675
-0.27504
-0.62835
-0.48377
0.77577
0.078098
0.47879
0.225426
-0.135155
0.005902
-0.808511
0.71081
0.401247
0.59209
0.260947
-0.162487
-0.04992
-0.10075
0.187668
-0.079756
0.335683
0.90351
0.13287
-0.940311
-0.696445
-0.076781
0.409953
-0.15654
-0.4406
0.61642
0.12914
-1.01783
-0.55593
-0.45663
-0.13507
0.395705
0.39185
-0.087997
-0.408123
0.700598
0.18032
0.397207
-0.135504
0.19293
-0.331303
0.375872
0.37485
0.81124
0.09124
-0.07211
-0.969385
-0.081583
-0.064106
0.31605
0.231465
-1.01918
-0.640595
0.065251
0.387
0.065561
0.16555
0.18607
-1.007677
0.37387
0.10012
0.265083
-0.086677
0.059204
0.28215
0.288839
-0.01913
-0.208223
-0.499028
0.48656
-0.315115
0.74469
0.229585
0.00994
-0.710906
-0.107464
0.112737
0.05933
0.137719
0.150207
0.240675
-0.054195
0.246877
-0.247596
0.185313
-0.172153
0.177958
-0.115218
-0.233021
0.741809
-0.872725
-0.700583
-0.6124
0.443092
0.07927
-0.16033
-0.43834
0.78516
-0.376404
0.398773
0.605297
-0.679803
0.166188
-0.69752
0.209296
-0.508653
0.237117
0.023057
-0.06768
0.04217
0.10302
0.018675
-0.2179
-0.28727
0.031975
0.066805
-0.360432
-0.15889
0.050708
-0.080307
-0.6112
-0.043836
0.321514
-0.379387
-1.017422
0.080164
-0.43446
-0.008763
0.20703
0.12276
-0.95835
-0.643423
-0.47133
0.174092
0.020878
0.046662
0.054446
0.0128
-0.42472
-0.198912
0.188793
-0.23258
0.194728
0.256095
0.16272
-0.750515
0.02573
0.65099
0.549967
-0.51873
-0.551012
-0.75567
-0.61818
0.64596
0.43913
-0.91079
-0.53628
-0.29394
-0.58371
0.440068
0.45033
0.10388
0.490602
0.263999
-0.603745
0.40369
-0.05884
0.81421
-0.93016
-0.38985
-0.484377
-0.96989
-0.516713
0.40858
0.407645
-0.264865
0.118827
-0.308232
0.170849
-0.299183
0.2164
-0.024992
0.058311
-0.008102
0.25057
0.054555
0.125103
-0.217079
0.040058
-0.008637
-0.410623
0.168305
-0.394988
0.54176
0.5209
-0.85776
-0.440863
-0.11842
0.39308
0.423593
-0.227093
0.32323
0.49528
-0.277125
0.00115
-0.034885
0.31511
-0.082103
0.207165
0.023716
0.158132
0.101026
-0.649473
-0.2511
0.43529
-0.012655
-0.568702
0.14463
-0.29677
0.130868
-0.12993
-0.80062
0.03662
0.3991
0.23289
-0.12532
-0.06352
-0.824273
-0.346523
0.086666
0.228308
0.19002
0.17452
0.092965
0.66197
-0.28717
-0.162591
0.009408
-0.214441
0.193322
0.24119
-0.04631
0.03821
-0.225101
0.65329
-0.11951
0.25874
-0.01936
0.072625
0.08023
-0.109061
0.256475
-0.082423
0.142355
-0.25198
0.060229
-0.105495
0.072403
0.105531
0.35582
0.382475
-0.03558
0.37937
-0.4346
-0.568686
-0.226522
0.5281
-0.38092
-0.48983
0.587055
-0.209395
-0.13483
-0.044365
-0.265407
-0.051243
-0.37642
-0.076104
0.063093
-0.145134
0.653676
-0.239709
0.111521
-0.10157
-0.11137
0.06819
0.05926
0.69949
-0.42727
0.61707
0.05782
0.56507
-0.39745
-0.15457
-0.10222
-0.30641
0.58378
-0.12237
-0.9075
0.39405
0.153875
-0.517285
0.44568
0.11292
0.26792
-0.6177
0.4443
-0.090725
0.143954
0.127202
0.01774
0.471879
0.21988
-0.543873
-0.187425
0.62518
-0.03994
-0.41543
-0.04637
0.17508
0.010859
0.10232
0.659575
-0.019871
-0.397783
0.122126
0.197295
0.18615
-0.111168
-0.23044
0.28115
0.51423
0.04725
0.30527
0.167173
0.106353
0.157451
0.071095
0.273168
-0.16653
0.7824
0.252607
0.028172
-0.600898
0.083998
0.41201
-0.124794
0.152474
-0.12645
0.00652
0.14528
0.059403
-0.36568
-0.630522
0.13017
0.038
0.043182
0.160775
0.552236
0.21518
0.059583
-0.09556
-0.125655
0.116404
0.021838
-0.3136
-0.43189
0.374945
-0.420035
-0.52476
-0.21039
-0.00415
0.42714
0.331975
-0.25846
0.072828
0.672268
0.412537
-0.359543
0.104205
0.62589
-0.38426
-0.466113
0.42691
0.364725
0.506168
0.147
-0.009711
-0.612191
0.105394
0.030697
-0.35981
0.36606
-0.277431
-0.38961
-0.33975
0.02057
0.04442
0.026189
0.05831
-0.403255
0.03964
0.011003
-0.115936
0.46935
0.412462
-0.115619
0.43991
-0.05249
-0.0153
0.41638
0.81115
0.42724
-0.45437
-0.369755
0.028477
-0.015282
-0.039791
0.047229
0.02795
0.541395
-0.489345
0.3565
0.220975
-0.689875
0.355619
0.007347
-0.209999
-0.16024
0.69782
-0.08979
-0.083635
-0.078687
0.729929
-0.206711
-0.29738
0.094412
-0.141095
0.062674
-0.064343
0.4954
-0.421703
-0.531466
0.076268
-0.00607
0.0203
-0.67404
-0.21763
0.34841
-0.09302
0.640933
-0.299168
-0.141868
0.02561
-0.361481
0.233383
0.135739
-0.057067
-0.63755
0.763833
0.0319
0.84687
-0.64358
-0.561595
-0.39982
-0.0117
-0.113045
0.735845
-0.1687
0.092147
-0.43913
-0.380177
0.38422
-0.578962
-0.230412
-0.249845
-0.057654
0.778297
0.163859
0.158727
0.288986
0.022041
0.660775
0.011938
-0.690133
-0.424273
0.1588
-0.10542
-0.11485
-0.167685
-0.229145
-0.260798
-0.19893
-0.096462
-0.07323
-0.220267
0.64717
0.146484
-0.336605
0.429635
-0.18308
-0.014653
0.513282
0.71925
0.152732
0.055185
0.33926
-0.217057
0.07065
0.18362
0.058427
-0.003403
-0.006443
-0.01397
0.06166
0.255314
-0.039633
0.078723
0.232329
0.219453
0.248333
-0.232182
0.41139
-0.013977
-0.10534
-0.034308
0.225042
-0.405843
-0.793457
0.365754
0.167696
0.136175
-0.174107
-0.2706
0.45428
0.58082
-0.31483
-0.793172
-0.25289
-0.44151
0.40716
-0.24818
-0.27144
0.618845
0.4968
-0.308066
-0.44753
0.16964
0.224752
0.047684
0.172327
0.096005
0.1285
-0.102718
-0.042635
0.706239
-0.333876
0.101794
0.055958
0.454273
0.008443
0.03516
0.42604
0.2023
-0.79555
-0.231039
-0.54773
0.09507
0.080359
-0.5069
0.20632
-0.5069
0.14641
0.09507
-0.498893
0.31489
0.31489
-0.48815
0.18855
0.04615
0.04322
0.37431
-0.075
-0.54955
-0.10522
-0.19899
0.45076
0.0506
-0.02264
0.735935
-0.611163
-0.08308
0.118535
-0.261413
-0.134526
0.065591
0.57382
-0.1938
-0.31784
-0.14446
-0.024263
-0.17839
-0.0206
-0.32961
-0.031009
0.26276
-0.01476
-0.20907
0.004296
-0.03076
-0.05377
-0.06044
0.61795
-0.24324
0.19052
0.3229
0.017415
0.00255
-0.136472
0.498003
0.053532
-0.06686
0.02895
-0.52975
-0.70306
0.007717
-0.012816
-0.070572
0.25284
-0.154183
-0.018513
-0.040528
-0.058733
-0.084046
-0.094215
-0.070113
0.01213
-0.06151
-0.013035
0.27691
-0.07366
0.282147
0.191685
0.24124
0.12533
0.195742
-0.21982
-0.01948
0.090624
1.08454
-0.725645
-0.740213
-0.42781
-0.22397
0.004667
-0.057195
-0.440354
0.28568
-0.028881
-0.161605
-0.032693
-0.04728
-0.057775
-0.01339
-0.597283
-0.08744
0.099882
0.3529
0.010515
-0.07416
-0.153455
-0.0952
0.28765
-0.3619
0.192675
0.024238
0.09479
0.17744
0.127225
0.038688
-0.090422
0.154614
0.111474
0.07772
-0.229796
0.212588
-0.218438
0.03874
0.04334
0.080332
0.053644
-0.378203
-0.19881
0.169363
0.099923
0.246294
0.66087
-0.081337
-0.176907
-0.603403
0.453053
0.75153
-0.1715
0.25833
0.13611
0.056885
0.434142
0.16357
-0.052713
-0.115829
-0.10961
-0.290703
-0.115257
0.732668
-0.318267
0.660043
0.159442
0.0395
0.10777
-0.254805
-0.06758
0.205375
-0.59777
-0.01354
-0.244854
0.183642
0.04806
0.140015
0.00108
0.315105
-0.046653
-0.253736
0.199564
-0.056003
0.58378
-0.22915
-0.043835
-0.407431
0.160545
-0.198809
-0.548375
-0.38773
-0.175808
-0.545723
-0.242593
0.099932
0.099463
-0.08357
-0.161227
0.005823
0.125763
-0.183925
0.20025
-0.493938
0.422082
0.21436
0.331075
0.005255
0.126135
0.120483
0.59827
0.462613
0.22517
0.29441
0.03429
-0.033937
0.567297
-0.621243
0.180093
0.22546
-0.349647
0.63318
0.012217
0.37978
-0.238127
-0.230424
-0.041215
-0.04008
0.391195
0.063462
-0.132547
0.756253
0.617437
-0.29981
-0.166152
-0.022627
0.01976
-0.15304
-0.044335
0.2733
0.058072
0.2807
0.447167
-0.262806
-0.493059
0.026993
0.791833
0.453583
-0.1641
-0.202202
0.32653
-0.26925
0.69053
-0.4308
-0.02727
-0.280715
0.11406
0.11841
-0.43371
0.03442
0.00513
-0.02275
0.26698
-0.381
0.513657
-0.071338
0.077522
0.414572
0.10011
0.37764
-0.030957
0.23012
-0.10122
0.07022
0.093314
0.15456
-0.055995
0.02725
-0.29368
0.02455
-0.126443
0.05818
0.180488
0.06341
0.17921
-0.77726
0.32896
0.092037
-0.70854
0.044927
0.199833
-0.336194
0.681735
0.002778
-0.02665
-0.28888
0.187689
0.42635
0.262122
0.487757
0.08168
0.014256
-0.00553
0.42882
-0.160175
-0.03642
-0.80955
-0.273153
-0.07693
-0.18143
0.749992
-0.176707
-0.19876
-0.27254
0.702507
-0.301295
-0.08824
-0.18527
0.15269
-0.29107
0.19785
0.02343
-0.12046
-0.03941
0.14593
-0.29165
0.23233
-0.613932
-0.7702
0.06567
0.26804
-0.87767
0.57175
0.081267
-0.59496
0.40335
0.994835
-0.43311
-0.584187
0.100092
0.12244
0.36103
-0.006067
0.15851
0.15504
-0.06914
0.19281
-0.11159
0.221703
0.364195
-0.236187
0.08918
-0.572688
0.08425
0.278315
0.15792
-0.04549
0.34729
0.10554
-0.004995
0.082527
0.08171
-0.524696
-0.11463
0.42712
-0.29478
-0.06744
-0.07829
-0.14787
0.05941
-0.257838
-0.392155
0.085151
0.59424
0.14981
0.066693
-0.00232
-0.2405
-0.08697
0.06115
0.06774
-0.3282
-0.01605
0.449385
-0.171
0.05856
-0.7026
-0.12177
-0.02636
-0.2371
0.391607
-0.09802
0.22226
0.2716
-0.38082
0.33713
-0.01179
-0.02417
0.0113
0.55076
-0.823435
0.81971
0.42809
0.161215
0.07877
0.50303
0.192797
0.436994
0.146113
0.219304
0.07604
0.021174
0.005835
-0.05841
-0.005385
0.033819
0.217775
0.10718
0.010642
-0.10694
0.240293
0.659573
-0.399097
-0.202196
-0.05083
0.175758
0.59804
-0.57477
-0.57019
-0.43992
-0.44296
-0.587178
0.424997
-0.30465
0.66368
-0.55096
0.45336
0.436065
0.121705
0.025087
0.21062
-0.29295
0.1695
0.10327
0.011223
-0.309987
0.61794
-0.18877
-0.73851
0.22337
-0.08852
-0.36244
-0.04307
0.37889
0.17297
-0.21591
0.11189
-0.18813
0.26973
0.002695
-0.22182
-0.135836
-0.21813
0.633853
0.19844
-0.367838
-0.08241
-0.08523
0.184942
0.10184
0.940238
-0.381987
-0.382168
0.444187
-0.222393
0.08328
-0.55207
0.22231
0.41416
0.42695
-0.39002
0.14511
0.07925
-0.318942
-0.342118
0.05515
-0.009007
0.266043
-0.741567
0.28128
0.20256
-0.284791
0.336565
0.14447
0.17348
0.841615
-0.533745
0.0218
0.19368
0.18891
0.03557
0.07182
-0.16126
0.08707
-0.43522
-0.12807
-0.28723
0.22203
-0.273375
0.17783
0.126592
0.018323
-0.016213
0.604667
-0.260343
-0.534825
0.3375
-0.017623
0.0686
-0.24631
0.18593
0.116443
0.690093
0.136273
-0.02471
0.05952
0.18452
-0.29472
0.37259
0.171675
-0.4196
0.399975
0.69111
-0.30423
0.320043
-0.17326
0.408773
-0.07556
0.24876
0.03185
0.009965
0.032643
0.37877
0.07777
-0.07967
0.76448
-0.483562
-0.437
0.10006
0.29296
0.023237
0.12104
0.01795
0.07039
-0.08282
0.22631
0.5688
0.10121
-0.000503
0.07252
-0.046107
0.07601
-0.02585
0.064222
0.59037
-0.29094
-0.51475
0.06495
0.02616
0.62964
0.00298
0.70534
-0.173013
-0.199118
0.169635
0.03034
0.06659
0.441583
0.228171
0.267407
0.5639
0.37793
0.00888
-0.03268
0.26313
-0.03538
-0.49671
0.07359
0.125612
-0.202664
0.03743
-0.08767
-0.06792
-0.13728
0.19842
0.055762
0.126677
0.686612
-0.17104
0.10683
-0.020466
0.72577
-0.06266
0.35205
-0.24603
-0.30418
-0.61158
-0.32751
0.4278
-0.399087
0.285687
0.01071
0.032515
-0.073197
0.19877
-0.13534
0.07846
-0.34085
0.53013
0.05293
-0.67663
0.101
0.60491
0.00023
0.442243
-0.51674
0.294015
0.70019
-0.335945
0.24694
0.69664
-0.16202
-0.39786
-0.03973
0.14467
-0.14856
0.0383
0.747227
-0.428795
-0.045363
0.050983
0.040002
0.133317
-0.15405
0.53443
0.044813
-0.73976
0.02571
-0.02949
-0.150105
-0.08497
0.74009
-0.47971
-0.35234
0.80222
-0.50365
-0.474875
0.48467
-0.219675
0.103297
-0.010455
0.2873
-0.329863
0.614863
0.143845
-0.497773
-0.269078
-0.123085
0.08791
-0.034815
0.738295
0.03704
0.474943
0.28836
0.03383
-0.333013
0.047992
-0.336823
-0.145063
0.048437
0.048355
0.29129
0.31652
-0.136018
0.21688
0.177826
-0.243085
-0.23032
0.20605
0.16707
0.06675
-0.177761
0.040275
0.15486
0.11966
-0.073217
0.384095
0.259463
0.078903
0.89769
-0.48318
-0.6023
-0.69167
1.3491
-0.29535
0.46594
-0.57562
0.22057
0.0902
0.09903
0.0474
0.04688
-0.32211
-0.27699
0.03484
0.0159
-0.22976
0.1923
0.04013
0.63405
0.18625
0.164105
0.22622
0.1004
0.190745
-0.18576
0.17385
0.135014
-0.04238
-0.2297
0.22379
-0.10158
0.06631
0.10449
-0.012785
0.08861
0.75455
0.27897
0.09569
0.48778
0.07185
0.382985
0.36068
-0.06075
0.05069
0.47026
0.150947
-0.639483
0.089013
0.410043
-0.04317
0.07311
-0.193507
0.2665
-0.16179
0.52507
0.12552
-0.02378
0.30427
0.19627
-1.00523
0.63982
0.3578
0.055776
0.341535
0.554085
0.354017
-0.09482
0.21662
-0.008874
-0.0464
0.043667
0.34997
-0.08129
0.22442
-0.28487
-0.09452
-0.1039
-0.050863
-0.08479
0.14166
0.58084
-0.35855
-0.31032
-0.41321
0.36421
-0.125537
0.031577
0.09172
0.13373
-0.52791
-0.01396
0.18951
-0.01736
0.07754
-0.43772
0.14468
0.23805
0.586377
-0.65394
0.34374
-0.28173
-0.59011
-0.15598
0.47238
0.4424
0.138795
-0.41257
0.30244
0.08757
0.35158
0.04245
0.62078
-0.48105
0.29623
-0.05028
-0.080185
-0.10329
-0.070274
0.04894
-0.61443
0.36288
-0.7465
-0.74356
-0.680155
0.4016
0.608489
-0.613705
0.60318
-0.20036
0.460875
-0.06411
-0.812905
0.54438
0.04697
-0.61691
0.46043
-0.17904
0.94763
-0.62509
0.40644
-0.268535
-0.26236
0.19924
0.384748
0.043692
-0.13128
0.21867
-0.349945
0.18721
0.05193
-0.03372
-0.202485
-0.27623
-0.38462
-0.185807
0.334391
-0.310273
0.24199
0.10716
0.00251
0.01462
-0.05891
0.43244
0.18758
-0.51924
-0.72621
0.36284
0.34179
0.17836
-0.325957
-0.319917
-0.07257
0.21148
0.234285
0.39037
0.65941
-0.2555
0.27004
0.17738
-0.01494
-0.72446
0.45171
-0.34614
0.22779
0.08499
-0.23772
0.01183
-0.326465
0.3032
0.226485
-0.02973
0.41093
0.73889
-0.25528
0.09081
-0.00333
-0.22795
0.39215
-0.55352
0.80617
-0.80906
0.4008
0.784185
-0.15946
0.10383
0.21925
-0.40158
0.79641
-0.72899
0.291215
-0.6978
-0.05833
-0.14164
0.03764
0.69259
-0.51241
-0.04493
0.00026
0.01716
-0.01183
0.23463
-0.3404
0.019077
0.150505
-0.01321
-0.628183
0.15378
0.04413
0.02717
-0.254465
-0.04691
-0.366737
0.468723
0.11885
0.07819
0.05166
-0.24815
0.09589
-0.02655
0.64978
0.25047
0.11694
-0.07122
0.00725
-0.04837
0.73208
0.20605
-0.35188
-0.11694
-0.17647
0.34137
0.25173
-0.381642
-0.233355
-0.35324
0.17437
-0.59825
0.35055
0.0383
-0.00526
0.072343
-0.160227
0.801957
-0.17538
0.198973
0.032475
-0.207773
-0.12468
0.2515
-0.261205
-0.09613
0.18783
0.04396
0.04824
-0.37252
-0.456635
-0.42486
-0.103055
-0.102347
-0.004427
-0.17715
-0.03184
0.03863
0.07944
0.34715
-0.32018
0.36536
0.25223
0.40077
-0.25538
-0.32902
0.250135
0.05629
-0.05262
0.09971
0.243395
0.07631
0.05245
-0.26497
-0.45937
0.14547
-0.11473
0.07261
0.10172
-0.0563
0.70486
-0.31818
-0.17083
0.17381
-0.37182
-0.36775
0.24931
-0.013425
0.50361
-0.850065
0.11428
-0.125787
-0.004295
-0.137995
0.168615
-0.124485
-0.219525
0.090145
0.26433
0.1049
0.02833
0.00641
-0.32905
0.18481
0.75057
-0.36864
-0.01883
0.15462
0.37671
-0.26324
-0.12666
0.80163
-0.37243
0.03908
0.41631
-0.16556
0.07978
0.03961
-0.17673
0.51155
0.48661
0.547897
0.40909
-0.17501
-0.15557
-0.30217
0.1055
0.01132
-0.16666
-0.03253
-0.20843
-0.3343
0.244045
0.10873
0.0117
-0.18631
-0.06216
0.39435
-0.17385
-0.03873
0.10364
0.024093
0.075925
-0.27951
0.1544
-0.09746
0.00263
0.70432
-0.70665
0.376625
-0.00169
0.14222
0.37918
-0.08748
-0.08715
0.051225
0.53079
-0.02508
0.78732
-0.47191
0.35605
-0.22974
-0.020535
-0.1057
0.03287
0.061115
-0.42089
-0.20139
0.15311
-0.40015
0.76448
0.21068
-0.00135
0.042835
0.689427
0.52702
0.16839
-0.52859
0.306626
0.038485
-0.102214
0.1506
0.00979
0.08838
-0.045653
-0.05452
0.13844
-0.3302
0.35842
-0.13889
-0.02646
-0.07129
-0.06502
0.73614
0.10247
0.16428
0.18908
-0.54345
0.45817
0.063545
-0.969723
0.42934
0.162514
0.25553
0.08771
0.45705
-0.06658
-0.014
-0.06896
0.03051
0.23089
-0.03484
-0.03702
0.08642
0.05374
0.21442
-0.03959
0.05642
0.42861
0.02175
0.12755
0.196547
-0.05815
-0.084634
0.55987
0.16714
0.36748
-0.15335
-0.2371
-0.15335
-0.08155
-0.135257
0.5438
0.23409
-0.12704
0.18707
-0.12765
0.24695
-0.08184
-0.55149
0.46623
0.05985
-0.20888
-0.00826
0.18873
0.07654
0.15119
0.79118
-0.12542
-0.27749
-0.09098
0.0685
0.05393
-0.60132
0.33477
0.97344
-0.66159
0.016
0.26119
0.11552
0.3653
0.46126
0.18453
-0.03995
0.24344
-0.04932
-0.16632
-0.15313
0.3573
0.14735
0.36772
0.15881
0.07644
0.04676
-0.07832
-0.1968
-0.03349
-0.03235
0.03258
0.77315
0.42301
0.21951
0.11299
0.12518
0.02102
-0.72094
0.04723
0.04215
-0.50694
-0.4554
0.18985
0.07999
-0.07974
0.08168
-0.46148
0.39939
0.30867
0.43716
0.0346
0.086773
0.430395
-0.25148
-0.278695
-0.20557
0.18426
-0.45218
0.42232
0.34616
0.05799
-0.06613
0.16443
0.37726
0.55311
0.3055
-0.62511
0.00985
0.08967
-0.10899
0.2034
-0.03181
0.15957
-0.18298
-0.09322
0.15615
-0.09513
-0.00563
-0.413235
0.7063
-0.25727
-0.24643
-0.42804
-0.24598
0.20972
-0.03923
-0.24023
0.52272
-0.34142
0.3359
0.14302
-0.00164
0.11248
-0.03103
0.50632
-0.19109
0.35034
0.47944
-0.38906
0.10658
0.02436
-0.14071
0.350145
-0.506074
0.04777
0.32357
0.42895
-0.27499
0.04092
0.05094
-0.00576
-0.09716
-0.58462
0.13675
-0.33314
0.7314
-0.32866
-0.3702
0.41736
-0.60642
-0.56717
0.16158
0.45641
0.088035
-0.13626
0.05831
0.45163
0.02713
-0.214555
0.67341
0.71789
-0.06824
-0.04777
0.10847
0.09119
0.24533
0.12522
0.2576
-0.66446
0.11708
0.16411
0.839704
-0.738075
0.754192
-0.26192
0.420706
-0.196547
-0.161671
-0.030077
-0.221706
0.327442
-0.591178
0.169956
-0.264059
0.45507
0.286683
-0.328546
0.520777
0.155803
-0.275772
0.220473
-0.245743
0.316809
0.082159
0.77882
0.410966
-0.475641
0.479914
-0.55183
-0.508144
1.217473
0.772666
-0.034621
-0.757572
-0.757572
-0.223816
-0.03029
-0.919731
0.678603
-0.539895
1.085329
0.432734
0.136358
0.1137
0.109874
-0.702762
0.541911
-0.153394
0.081884
0.305223
-0.372413
-0.388379
0.150201
-0.55181
1.065951
0.251353
-0.49619
-0.7486
1.338616
0.414075
0.0475
-0.251607
-0.456644
0.145994
0.215625
-0.361315
0.125996
0.473512
-0.54102
-0.534623
1.13959
0.252403
-0.260743
0.1745
-0.004124
-0.021049
-0.63123
0.879468
0.17588
0.040251
0.074272
0.366155
-0.48828
0.612797
0.24308
0.599893
-0.566643
-0.297579
-0.012863
-0.310874
0.07795
-0.141705
-0.388387
0.422804
-0.263453
0.273844
0.121614
0.768558
-0.028151
-0.759246
-0.759246
-0.194045
0.079121
0.094085
-0.180661
-0.463837
0.398862
0.786701
0.03489
-0.548857
-0.496002
0.076175
-0.001649
-0.004701
0.104157
-0.260877
0.024931
0.130256
0.435628
-0.271224
-0.158731
-0.188477
-0.040074
0.109122
0.253716
-0.054083
0.484404
-0.668228
0.00957
0.339355
-0.629026
0.052812
-0.028133
0.070563
-0.114241
0.104733
-0.177188
-0.132695
0.121333
-0.063992
-0.145753
0.03197
-0.107193
-0.033027
-0.082333
0.433745
-0.212204
-0.535295
-0.60926
1.19513
-0.153716
-0.622905
0.337565
-0.197736
-0.037663
-0.026811
-0.218696
0.066551
0.089418
0.094189
0.066437
0.250693
0.138542
0.175873
0.162941
0.254344
-0.530123
-0.449923
0.096027
-0.073234
0.115088
-0.211394
0.075351
-0.111542
-0.185571
0.372508
-0.034442
-0.443803
-0.06129
-0.243311
-0.126497
-0.000435
-0.641366
-0.693098
1.075671
0.042662
-0.036724
0.074077
-0.498805
0.18216
0.033696
-0.050656
-0.49405
-0.551584
0.383133
0.032542
-0.020237
-0.367256
-0.071303
0.068936
-0.51591
1.015737
0.130132
0.612696
-0.367657
-0.507465
0.127839
-0.058111
1.000703
0.001699
0.129301
-0.487185
-0.165211
0.344029
0.117946
-0.071812
-0.259057
0.082953
0.111917
0.063191
0.421529
-0.011191
0.045622
0.692865
-0.45228
-0.881654
0.20762
0.33602
0.411686
0.032254
-0.005481
0.359946
-0.151099
0.028818
0.082679
-0.378957
0.546397
0.127074
0.138706
-0.1316
-0.519329
0.117698
-0.299462
-0.551564
0.51623
0.004846
-0.13267
-0.217417
0.030189
0.977073
-0.169636
0.057768
-0.005654
-0.197975
-0.391456
0.884997
0.080261
-0.162573
0.309948
-0.425552
0.039196
0.155542
0.046309
0.689478
-0.295509
0.195978
-0.093047
-0.122857
0.958894
0.051842
0.006104
0.027852
-0.007531
0.29112
-0.455413
0.06118
0.315703
-0.065752
0.257549
0.028351
-0.37699
0.284955
0.51843
-0.249874
-0.623981
-0.289261
0.100768
0.127905
0.369371
-0.258257
-0.005621
0.01204
0.418328
-0.17537
0.279469
-0.094839
-0.372776
-0.768178
1.07887
-1.064383
-0.369506
0.933347
0.252094
-0.979694
0.144738
0.804358
-0.674235
-0.070858
0.836651
-0.376173
0.199826
-0.8626
1.005664
-0.073306
0.150056
-0.365169
-0.071776
0.52329
-0.103927
1.041601
0.388797
-0.093086
-0.683461
0.004689
0.448782
0.092822
0.076348
-0.095308
-0.342127
-0.173243
-0.247177
0.17913
-0.415278
0.158049
0.819395
-0.814627
-0.814627
-0.030089
-0.720619
0.430154
-1.102277
0.367426
0.694353
-0.569756
-0.644498
0.217311
-0.671074
-0.28116
0.07029
-0.816434
0.408213
0.026013
-0.280611
0.462625
-0.16808
-0.110298
0.081929
0.738918
0.08022
-0.793172
-0.04933
0.105117
-0.231326
0.698207
0.103931
0.065731
-0.121869
-0.029136
0.600775
-0.544773
0.869431
-0.15021
-0.324309
0.973118
1.349491
-0.079063
-0.243313
0.349466
-0.343892
-0.854034
1.207006
-0.103623
-0.098155
0.983221
0.047899
-0.100728
-0.192736
1.023996
-0.038926
0.24627
-0.267308
1.003848
0.035623
0.055229
0.512012
-0.088449
-0.002315
-0.258844
-0.01215
0.594885
0.517889
0.00498
-0.793308
-0.454367
-0.363235
1.11057
-0.136827
0.06601
0.162028
0.284804
0.699599
0.127203
-0.141523
0.732307
-0.742368
-0.742368
0.028997
-0.013398
-0.117582
-0.05272
-0.172669
1.036017
0.122509
0.515582
-0.173269
0.071187
0.508292
0.049605
-0.257009
-0.165512
0.146352
-0.016072
0.804802
0.799656
-0.010743
-0.465362
-0.525203
-0.71221
1.233645
0.272585
-0.121962
-0.488498
0.042305
-0.047601
-0.058359
-0.058359
0.169617
-0.08312
-0.079334
-0.045261
-0.114473
0.225986
-0.114473
-0.076183
0.893344
-0.079415
-0.079415
0.413818
-0.928055
-0.090423
-0.090423
0.392066
0.078149
-0.211292
1.045371
0.256045
0.755172
0.06124
-0.354129
0.323117
0.417963
-0.059213
-0.135584
0.075565
-0.809369
0.077891
0.018881
0.041036
-0.255176
-0.04589
0.072004
0.100177
-0.497751
-0.558475
-0.402466
1.100134
0.138663
0.032754
0.10822
0.362863
0.815239
-0.749732
-0.749732
-0.112049
0.725177
-0.012414
0.220914
0.157506
0.161793
-0.264447
0.01307
0.176239
0.163352
0.056612
0.395082
0.35094
-0.006473
-0.225174
-0.158488
0.312088
0.757163
-0.203574
0.039484
-0.038311
-0.065495
-0.146919
-0.145601
0.290738
0.132843
0.048931
-0.011132
-0.403575
0.299357
0.492601
0.255075
0.006312
-0.480817
-0.729987
-0.188842
0.135645
0.415194
0.409869
0.395659
0.252703
-0.135168
0.357152
-0.200328
-0.309617
0.555734
-0.785496
-0.511427
0.448773
0.282184
0.399765
0.358266
0.221405
-0.098776
-0.198725
0.270131
0.45507
0.435794
-0.223235
0.393128
0.422125
-0.124948
-0.303678
-0.027817
0.339708
-0.151062
-0.039423
0.483436
0.267273
0.344201
-0.067902
-0.278023
-0.378201
0.254856
0.422924
0.001329
-0.204724
-0.067409
0.226592
-0.18015
0.216802
0.034939
0.165303
-0.403215
0.189802
-0.298772
0.079379
0.037167
0.045505
-0.246441
0.011435
-0.031744
0.05026
-0.388448
-0.209722
-0.476482
0.453884
0.453012
0.125826
-0.012729
-0.150135
0.050068
-0.066564
0.091268
0.248937
0.055299
0.092477
0.023468
0.05184
-0.057302
-0.385169
-0.050045
0.086477
0.174411
0.459712
0.01225
0.127155
0.023344
0.101264
0.104395
0.110335
0.084545
0.257994
0.006874
0.097983
-0.215245
-0.108452
1.010484
0.350745
0.119821
0.059257
-0.490192
0.178859
0.279604
-0.360547
0.335087
0.108619
-0.202032
-0.148559
-0.241617
0.303235
-0.284703
0.488188
-0.689708
-0.130431
-0.047551
-0.116682
0.290385
0.296688
-0.005479
-0.058939
-0.042067
0.191472
0.639852
-0.680851
1.129878
0.430883
-0.295655
0.520505
0.025097
0.014046
0.076655
0.023883
0.372059
-0.331029
0.011997
0.024921
-0.009891
0.283569
-0.038004
0.977188
0.535437
-0.008494
0.014961
-0.141368
0.097219
-0.328335
-0.223195
0.438708
0.173121
0.186281
-0.052264
-0.090033
0.202315
0.715401
0.01492
-0.002655
-0.359168
-0.044445
-0.161272
-0.346885
0.915709
0.374332
0.035934
-0.144421
0.054499
0.423233
0.706004
-0.011984
0.635281
-0.74377
-0.772321
0.429003
0.431041
0.572069
0.349355
0.041977
0.015124
-0.10481
0.340944
0.835528
0.380867
-0.039114
0.037011
0.878001
-0.779434
-0.779434
0.430225
-0.278071
0.333027
0.28919
-0.0057
-0.690539
-0.004613
-0.287203
0.07495
-0.252155
0.496989
0.270834
-0.159234
-0.343153
-0.103177
0.673935
-0.327367
-0.180648
-0.023523
-0.053352
-0.34377
0.590956
0.530113
-0.4305
0.320346
0.303004
-0.003426
-0.339978
0.217524
0.419102
0.022986
0.745772
0.712768
-0.653723
-0.344581
0.146487
-0.33887
-0.429396
0.972337
-0.535407
0.987117
0.18389
-0.618937
-0.044805
0.177796
-0.072993
-0.032614
0.394352
0.21607
0.04693
0.117522
-0.359327
-0.269734
0.003931
0.346446
-0.436927
0.97571
-0.369254
-0.090998
0.12133
-0.344269
0.149789
0.789304
-0.324135
-0.006766
-0.196077
-0.347555
0.206227
-0.230746
-0.198744
-0.449984
0.090896
-0.112467
0.019094
-0.244898
0.118183
0.339829
0.55463
-0.892701
-0.601193
1.445371
0.337174
-0.167926
0.335253
-0.634051
-0.180939
0.031232
-0.05248
0.011312
-0.489366
-0.36693
1.1189
-0.395369
-0.820186
-0.71584
1.22715
-0.000953
-0.215635
-0.30182
0.95367
0.256722
-0.215683
-0.687079
1.085579
0.299827
-0.200102
-1.067007
1.033979
0.016847
-0.285346
1.02592
-0.632963
1.073013
1.042157
0.268796
0.075858
-0.148425
-0.188242
0.017653
-0.054524
0.333606
-0.134117
-0.288023
-0.286142
0.173821
-0.088522
0.342959
-0.262262
-0.020193
-0.456748
-0.072205
0.050389
0.226162
0.16047
0.555247
-0.363084
-0.347172
-0.036754
0.438361
-0.336158
1.179539
0.176433
-0.420684
0.025836
0.993114
-0.41799
0.696575
-0.022403
-0.126723
-0.580269
-0.282513
0.12146
0.167461
0.198248
1.018854
-0.552999
-0.501284
-0.318027
0.925638
-0.503709
0.261185
-0.439017
-0.229263
1.140412
0.990641
-1.147688
-0.688795
-0.216046
0.434371
0.360362
-0.215196
0.11029
-0.324513
-0.100171
-0.33051
0.041652
0.263642
0.072638
0.52293
0.050364
-0.213525
-0.245849
0.184613
0.333138
-0.41138
-0.078506
-0.059796
-0.160673
-0.251824
0.175546
0.196403
0.021939
0.086326
-0.09497
-0.475143
-0.253756
0.254381
-0.03275
-0.128304
-0.043029
-0.510922
1.017853
-0.110408
0.039259
-0.163579
-0.06965
-0.166024
0.997026
0.069449
-0.112908
0.04567
-0.343358
0.924248
0.221949
0.344483
-0.339214
-0.232787
-0.09925
0.052413
0.135118
-0.491646
0.128779
-0.075702
-0.033693
-0.660336
-0.68638
1.128477
0.932359
0.045381
-0.489865
-0.083137
-1.025876
-0.724702
1.029728
0.414175
-0.464578
-0.028262
-0.581385
-0.305143
0.556662
0.241187
-0.025732
-0.131027
-0.069094
-0.834881
-0.233509
0.657168
-0.196583
0.0713097
-0.052376
0.668739
-0.41187
0.12112
0.036799
-0.601768
0.125648
0.626133
0.191164
-0.437146
-0.389427
-0.168065
0.088671
-0.275654
0.190603
-0.026628
-0.181523
-0.055055
0.00801
-0.08426
0.210669
0.719881
-0.654423
0.07324
0.835169
0.323787
-0.656532
-0.557954
-0.44801
-0.090508
-0.031544
0.58762
0.305519
0.374652
-0.402149
-0.323559
-0.362087
0.89286
-0.880763
-0.828414
-0.459271
0.37435
0.614282
0.126095
-0.787149
-0.752769
-0.164165
0.089022
-0.366599
0.384043
-0.154718
-0.249129
0.439425
0.915631
-0.8581
-0.844226
0.428217
-0.025836
-0.258103
0.481927
-0.032939
-0.630427
0.167868
-0.296901
0.558188
0.473331
-0.40956
0.186004
-0.180209
-0.246194
0.278694
0.001546
0.323974
-1.00668
-0.005417
0.393846
-0.383644
-0.067699
-0.204442
0.153778
-0.055184
0.138023
-0.289019
-0.564684
0.077544
-0.611568
-0.014895
-0.708209
0.386811
-0.124311
0.392905
0.06716
-0.393214
0.105556
0.067285
0.326934
0.109408
-0.441418
0.050581
-0.031337
0.556218
-0.46314
-0.527835
0.528426
-0.45965
0.015599
-0.372595
0.687734
-0.46681
-0.096147
0.019806
0.773716
0.161651
0.171188
-0.255855
-0.05305
0.004482
0.996166
0.155379
-0.172563
0.276363
-0.033478
-0.087605
-0.37361
-0.301774
0.079743
-0.257414
-0.154317
0.349768
-0.298886
0.461407
-0.344129
-0.319337
-0.155098
0.094686
1.017393
0.13146
0.296455
0.028236
-0.243673
-0.718231
-0.346665
-0.0172
-0.411093
-0.333954
-0.127253
0.312084
0.022757
-0.239704
0.425957
-0.713744
-0.331559
-0.04052
-0.309994
-0.147535
-0.131402
-0.349089
0.725929
0.15379
-0.839785
-0.258704
-0.580905
0.493636
-0.806328
0.044391
-0.675508
0.514992
-0.150629
0.243241
-0.372542
0.557175
0.146156
-0.004174
-0.839322
-0.503709
0.009339
0.260851
-0.342585
0.715675
-0.844899
-0.476064
-0.03624
-0.159192
0.17193
0.001671
-0.139442
0.107915
0.085055
-0.174032
0.343331
0.801053
0.004611
0.146137
-0.006526
0.661242
0.083925
0.71253
-0.547694
0.596904
-0.36695
-0.025975
-0.013627
-0.163236
0.091061
-0.173296
-0.644629
0.35965
0.456981
-0.157103
0.016367
0.027682
0.01171
-0.55383
1.237566
0.418643
-0.149577
0.070836
0.04681
0.972704
-0.872685
-0.05169
0.394272
-0.240293
-0.223803
0.5137
-0.295562
0.149388
0.09001
0.034912
-0.171469
0.314569
-0.028627
0.079461
0.27485
-0.415501
0.093886
1.043844
0.210022
-0.063191
0.098996
-0.713511
0.295004
-0.348863
0.035832
1.046978
0.239076
0.946324
0.932432
-0.449599
-0.700178
-0.687119
1.187885
-0.269829
-0.064283
0.054112
0.50681
-0.064965
-0.483587
1.037067
-0.191654
0.03177
-0.438276
-0.422439
-0.087789
0.219255
-0.165466
-0.068991
-0.453706
-0.079044
0.060948
-0.240502
0.22418
0.071249
0.125241
0.246648
0.023266
-0.2783
-0.632903
1.037052
-0.224915
-0.422988
-0.630162
-0.4402
0.435188
-0.018966
0.329706
-0.427143
1.076575
0.451482
-0.630757
-0.422718
0.387558
0.496742
-0.23504
-0.368616
-0.189517
0.280858
-0.103395
0.361452
0.038456
-0.297453
-0.486672
0.077476
0.270817
0.038016
-0.282509
-0.265105
0.111051
-0.053312
-0.633348
-0.194147
0.086518
0.353623
0.009972
-0.353383
-0.242816
0.798254
0.848948
-0.073758
-0.002942
0.269621
0.152305
-0.496978
-0.736063
-0.700368
-0.326322
0.398556
0.311884
0.017812
0.438469
-0.110277
-0.036319
0.275144
0.147036
-0.125888
-0.009767
-0.071699
-0.344449
-0.323225
0.412238
-0.029379
-0.006833
-0.926024
-0.174909
-0.45124
0.356996
0.885548
-0.193196
-0.28222
-0.199763
-0.457943
-0.121958
0.1933
0.985775
-0.312885
-0.857545
0.077486
-0.589699
-0.224059
-0.018991
0.006053
-0.040806
0.000266
0.157521
0.072846
0.072444
-0.733614
0.590779
0.382878
-0.231667
-0.523402
0.01748
0.003783
-0.034359
-0.030692
-0.207269
0.296816
-0.36172
0.083541
-0.053727
-0.002446
-0.144157
-0.068653
0.156611
0.017738
0.034568
-0.060964
0.276611
0.123749
-0.375219
0.346119
0.065194
-0.054879
0.324995
0.013075
-0.074531
0.285444
0.887369
0.812884
0.329178
-0.000252
0.808502
0.447356
0.873763
0.099423
-0.004594
0.789748
0.481854
-0.30768
0.39329
0.144901
0.473874
0.824588
0.684547
-0.795223
0.791122
0.165574
-0.071718
0.788657
-0.078362
0.753426
0.028622
0.273725
0.277664
0.34201
-0.097236
0.682427
0.035128
-0.215373
0.74651
0.635485
-0.210187
0.139335
0.71566
-0.586665
-0.122574
0.190922
0.702334
-0.11104
-0.173561
-0.1465
-0.428838
-0.553454
-0.690521
-0.150041
0.114664
0.328007
-0.026521
-0.244909
0.29684
0.002305
0.39887
-0.291295
-0.331661
0.314145
-0.318608
0.296316
0.192527
-0.504578
-0.473828
0.519515
0.194363
-0.466523
0.232427
-0.054786
-0.547003
0.325598
-0.152616
-0.069737
0.159393
0.159655
-0.073537
-0.066795
-0.012254
-0.056459
0.356559
0.072619
-0.239848
0.067963
0.090347
0.155034
0.029422
-0.447912
-0.269537
0.544451
-0.396861
0.161109
0.629953
-0.885688
0.419436
-0.452842
0.016703
-0.312516
0.27442
-0.831407
0.094677
0.166625
0.388143
-0.184961
0.478573
0.769329
0.310049
-0.497713
-0.634158
0.332551
-0.049609
-0.38372
0.17557
0.60237
-0.247257
-0.005584
0.113307
0.08788
0.183505
0.303996
-0.129514
-0.348272
0.020228
0.778502
0.568711
0.017718
-0.563178
-0.652828
0.378358
-0.237831
-0.050571
0.021247
0.035729
0.0814
-0.150619
0.118164
-0.106208
-0.117564
-0.184408
0.198649
0.63725
-0.533463
0.176905
0.15148
0.32928
0.537408
-0.281927
-0.328235
-0.26902
0.960477
0.167385
-0.66802
0.135639
0.188569
0.039356
-0.345496
-0.267606
0.914894
0.27417
-0.254359
-0.118131
0.001223
0.053342
0.53866
-0.02383
0.065895
-0.20876
0.377989
0.150272
-0.264173
0.368989
0.440599
-0.229542
1.043919
0.103795
-0.185074
0.222864
-0.42687
0.205069
0.385156
-0.406621
0.106841
0.179023
-0.239208
-0.177105
0.33017
-0.19964
-0.670372
1.015418
0.55998
0.194522
-0.405039
-0.012009
0.241182
-0.162602
-0.626151
-0.56898
-0.270334
0.958353
0.252514
-0.312629
-0.245517
0.705192
0.013603
-0.419644
1.230234
0.052568
-0.033831
-0.211459
1.020016
0.101042
-0.043879
0.157722
-0.267322
0.196948
-0.690948
-0.764878
-0.382615
1.174517
-0.281957
-0.088001
-0.301159
0.980892
0.197042
0.264572
0.016659
-0.033344
-0.381009
-0.194914
-0.123407
0.046164
-0.03249
-0.445121
-0.383564
-0.139886
0.363873
0.772271
-0.40817
0.619482
-0.45418
-0.055102
0.486873
1.117123
0.007417
0.324851
0.274391
-0.000139
0.478863
-0.002467
0.312116
0.399322
-0.023714
-0.117215
0.202659
-0.120344
-0.651399
0.967332
0.048747
0.161948
-0.35347
0.112853
0.070199
0.248736
-0.276769
0.763944
-0.474172
0.059823
0.85051
0.134246
-0.236885
0.329696
0.074133
-0.015817
0.538015
0.018992
0.765452
-0.334334
-0.545651
-0.356185
0.139843
0.35398
-0.060678
-0.043115
0.050557
-0.322888
-0.373483
0.130697
-0.109784
-1.022941
0.986224
0.053965
-0.012638
-0.405073
0.054152
-0.218355
0.058628
0.369444
0.160665
-0.045075
-0.110072
-0.124152
0.147313
0.0072
-0.037132
-0.038746
1.097878
-0.138117
0.029269
-0.217636
0.866316
-0.364999
-0.001192
-0.015454
0.046282
0.290917
0.07727
-0.289111
0.110065
0.803769
0.100981
-0.015492
-0.03145
-0.077325
-0.050181
-0.019004
0.022398
0.959586
-0.4669
-0.16038
0.914748
0.00156
-0.012738
-0.19259
-0.00726
-0.063392
0.011516
0.071904
0.21145
0.532238
-0.195538
-0.519786
-1.052943
-0.686211
-0.679051
1.231451
-0.00463
-0.094995
-0.196809
-0.004448
0.014074
0.23884
0.678214
-0.559634
0.365858
-0.005119
-0.69906
1.322026
0.366031
-0.072346
-0.558684
-0.381563
1.150159
-0.319616
-0.548751
0.328566
-0.073241
-0.261032
0.212447
1.192856
0.102482
-0.515319
-0.351789
-0.761891
-0.523781
0.423825
-0.071014
-0.637061
-0.07881
0.338189
0.170527
-0.067886
-0.593611
-0.535561
1.070006
-0.036811
-0.300665
0.971596
0.191752
0.302246
1.161087
-0.224577
-0.551925
0.097366
-0.533661
-0.948556
-0.691365
1.195828
1.089717
0.159617
-0.289399
-0.302573
-0.554516
1.109231
1.120318
0.181733
-0.071492
-0.930131
1.071428
0.956406
0.108962
-0.57968
-0.228827
1.117451
1.004779
0.293744
0.148715
-0.380559
1.08882
1.125391
-0.024128
-0.165591
0.941949
0.08854
0.031071
-0.316625
0.988163
0.041206
0.192172
0.813249
0.06038
0.071941
0.006512
-0.245651
-0.027617
0.675302
0.02272
-0.025318
0.047276
0.00048
0.102589
0.011263
0.671329
0.171149
0.018894
0.677832
-0.950807
-0.530673
-0.603727
0.460085
0.027946
0.799753
-0.745877
-0.745877
0.745157
0.077151
-0.059289
-0.919101
1.024507
0.90333
0.637003
-0.186832
0.013999
0.079334
0.718266
0.74369
0.008122
-0.063951
0.009788
0.99107
0.696044
0.799188
0.050516
-0.036241
-0.568974
0.99606
0.782982
0.712454
0.193123
-0.035951
0.676068
-0.642085
0.79731
0.781134
0.387605
-0.018614
-0.986428
0.755165
0.262742
-0.335617
0.301431
0.646027
0.16451
-0.14934
-0.157816
-0.371606
0.685154
0.027832
-0.362868
0.10562
0.863663
0.674978
-0.046091
-0.785103
-0.12066
0.557257
-0.077515
-0.816446
-0.936314
0.591717
0.665096
-0.616841
0.631077
-0.781102
-0.975962
0.582478
-0.867129
0.008843
0.27827
-0.504337
0.047835
0.884327
-0.764482
-0.614394
0.445041
-0.860388
0.964274
-1.028097
-0.781743
-0.591183
0.837905
-0.956965
-0.552592
0.191242
-0.453054
0.21712
0.389097
-0.177213
-0.592583
0.161512
0.249777
-0.236371
-0.188047
0.394672
-0.27419
0.282519
-0.040503
0.394265
-0.068736
-0.602553
0.086986
0.153174
-0.022189
-0.083086
0.457677
0.1015
0.084254
0.215216
-0.096221
0.065088
0.132985
0.208379
0.387163
0.04763
0.337614
-0.549847
-0.651603
0.020196
0.267729
-0.233467
-0.342542
0.017688
-0.261067
0.355772
-0.076658
0.250135
0.004427
0.091656
0.115706
0.044524
-0.581942
0.015552
0.081244
-0.043639
-0.091985
-0.016766
-0.752377
-0.083773
-0.003149
-0.653643
0.278394
0.087843
-0.113837
-0.208691
0.112153
-0.20609
-0.015411
0.001865
-0.629661
0.317375
-0.355016
0.807735
-0.517771
-0.25964
0.081606
0.717139
-0.033665
0.026631
-0.135791
0.069935
0.761781
-0.519504
0.323391
0.099247
-0.335224
-0.173923
-0.043718
0.489864
-0.386665
0.396466
0.093275
0.812259
-0.683787
0.076136
0.387765
0.750582
0.366022
0.371053
0.542646
-1.079742
0.286622
0.497922
-0.127481
0.969409
-0.278213
0.919587
-0.785203
-0.63887
-0.685238
-0.307895
0.926571
-0.496658
-0.094874
-0.210455
0.351287
0.797571
0.016291
0.727162
-0.599384
0.077281
-0.785026
0.058858
0.188047
-0.444314
-0.049457
0.516362
0.404144
-0.40045
-0.296316
0.168967
-0.124075
-0.33713
0.049211
-0.392042
0.183939
-0.000433
-0.662008
0.136078
-0.014926
0.059597
-0.537166
-0.283914
0.375933
-0.207844
-0.026446
-0.217372
-0.256582
0.061375
-0.064451
0.036344
-0.592685
-0.136511
-0.08787
-0.039421
-0.289444
-0.145878
-0.042272
-0.292221
-0.592524
-0.212157
0.021433
-0.022747
-0.378996
-0.219324
-0.090287
0.345488
-0.746678
-0.1077
-0.203662
-0.054627
-0.078254
-0.15963
-0.241319
-0.078358
-0.107936
-0.118927
-0.282703
-0.078794
-0.048186
0.25018
-0.421935
-0.074621
0.347598
-0.277524
-0.047417
-0.061754
0.173401
-0.073336
0.35578
0.140897
0.027472
0.084845
0.318357
0.098029
0.017304
0.103645
0.195066
-0.275108
0.326511
0.235793
0.445814
-0.30795
0.319287
0.070578
0.159687
0.144349
-0.163066
-0.188918
0.227719
0.039594
0.063369
0.742186
-0.381452
-0.220478
-0.219773
0.152458
-0.207012
0.794859
-0.957574
0.103084
-0.021619
-0.316658
-0.236362
0.1012
-0.140077
-0.305372
-0.261805
-0.087306
0.096575
0.182557
-0.574062
-0.203959
-0.293499
-0.141273
0.728106
-0.547807
0.669554
0.744322
-0.385723
0.351449
-0.566503
-0.030486
0.403335
-0.83205
-0.094448
-0.032794
-0.715134
-0.001642
0.021918
-0.068444
-0.059415
-0.401173
0.058044
0.531945
0.181296
0.039558
0.497948
-0.050148
-0.466998
-0.125193
0.184075
-0.043583
-0.019026
-0.017775
0.005771
-0.194251
-0.024991
0.093953
0.708514
0.329973
0.305886
0.219104
0.713717
0.154801
0.221004
-0.982993
0.574519
0.460584
0.114499
0.528824
-0.064576
-0.072606
0.074421
0.29094
-0.003264
0.058279
0.36537
0.56366
0.617285
0.073712
0.55155
0.738054
0.38746
0.57558
0.37422
-0.233441
0.399652
0.360311
0.095097
0.55156
0.103186
-0.519287
0.000042
0.075162
0.508579
0.305979
0.166611
-0.629326
0.408665
-0.145549
-0.209877
-0.451722
-0.063295
-0.313052
-0.109061
-0.154607
0.748707
-0.577867
0.617264
-0.213478
0.449727
0.881848
-0.243681
-0.633145
0.776586
-0.260175
0.498482
-0.293578
0.159051
-0.920933
0.679177
0.144779
0.640191
0.431252
-0.202408
0.441257
0.134665
-0.113196
-0.514886
0.148545
-0.678905
0.433322
0.317483
0.115889
-0.379328
0.033901
-0.077772
-0.227076
-0.258762
0.234793
0.739889
0.723596
-0.36185
0.639675
-0.138912
-0.377017
0.838601
-0.146244
-0.248122
0.448334
0.950028
0.749771
-0.085589
-0.207711
0.627042
0.104129
-0.097248
0.572536
-0.364586
0.216139
-0.265274
0.745043
-0.107897
0.545467
0.242448
-0.007796
0.891086
0.937026
-0.451297
-0.465551
-0.345687
-0.312492
0.857918
-0.430021
1.038055
0.310451
-0.109662
-0.328013
-0.358286
0.135309
-0.163356
0.468305
-0.190592
0.517125
-0.235656
0.3376
0.252324
0.37314
0.190707
-0.039521
0.125822
0.032405
0.040826
0.698407
0.075009
-0.496284
1.106539
-0.362128
-0.360069
0.180035
1.173245
-0.220014
1.177265
-0.229862
1.110574
-0.015737
-0.236169
-0.156289
0.288014
-0.006164
-0.017621
0.083098
-0.081869
0.033753
0.736738
0.628809
0.50552
-0.72304
-0.352125
-0.330433
-0.642748
-0.302114
0.072825
0.46581
0.205442
0.359
0.039698
-0.003781
-0.020326
0.232765
0.436405
0.623332
-0.355346
-0.247707
-0.651873
0.294291
0.214202
0.080744
0.029608
-0.724494
0.082949
0.040392
0.055256
-0.296142
0.088093
-0.072652
-0.107755
0.190259
-0.347742
1.099316
0.008645
0.454102
0.059642
-0.147789
0.13677
0.142753
0.004815
0.049879
-0.185424
0.712885
-0.161265
0.341592
0.278729
0.467846
0.712881
-0.404642
-0.363458
0.166216
0.326456
0.095797
0.622912
0.070227
-0.002212
0.267723
0.161666
-0.048404
0.442685
-0.46075
1.161304
-0.085451
1.05624
0.8769
0.68095
-0.289514
0.331637
-0.098959
0.735564
-0.087525
0.480836
-0.147857
-0.398172
0.903129
-0.126276
0.421537
1.032253
0.500909
-0.433165
0.574399
-0.03094
-0.304243
0.862655
0.932767
0.029508
-0.039489
1.066604
0.21167
-0.316943
0.820132
-0.282412
0.359695
-0.461347
0.145346
0.665713
0.48199
-0.288243
0.276704
-0.499438
0.093985
0.071344
0.32533
0.126672
0.351982
-0.312984
0.262906
0.060488
-0.459959
0.630848
-0.326048
0.209873
-0.475178
0.808084
0.19115
0.808855
0.46909
0.260643
0.050177
0.17433
-0.134895
-0.571439
1.02534
0.071296
-0.490821
1.125562
-0.124865
1.03254
0.763718
-0.013628
0.793623
0.153049
0.826786
0.547483
-0.771437
-1.001492
0.186775
0.755338
-0.358963
1.288607
-0.388356
0.256813
0.606701
-0.098688
0.423899
-0.220684
0.253307
-0.244361
0.303506
0.013644
0.053789
-0.215445
-0.266144
0.512189
-0.756636
-0.687587
0.512879
0.660924
-0.597677
0.747045
-0.879586
-0.401251
0.846966
0.650439
-0.339169
-0.318988
0.745459
0.551269
-1.031401
-0.497951
-0.045083
0.205423
-0.493562
-0.548052
0.292481
0.856167
0.386062
0.574305
-0.658644
-0.399498
0.122784
-0.360842
0.238057
-0.197765
0.20174
0.249083
-0.236605
0.215153
0.258857
-0.273656
0.312703
0.406981
-0.394034
0.225173
-0.017932
-0.113354
-0.226892
0.662651
0.145947
-0.177882
-0.006539
0.509532
-0.461647
-0.527413
0.107877
0.380092
0.416501
0.70571
-0.597304
0.414784
0.055673
-0.041491
0.055129
-0.695118
0.728737
-0.437378
-0.437378
0.216548
-0.581162
0.099348
-0.304964
-0.40038
-0.190659
0.194894
-0.174883
-0.072638
0.170746
-0.211551
-0.058828
-0.20929
-0.904089
0.02035
-0.091208
0.35283
0.13591
-0.16586
-0.075071
0.680775
0.800315
-0.200642
-0.56449
-0.05828
-0.966443
-0.164699
-0.339075
0.210723
0.194102
0.072133
0.248378
0.127828
-0.364235
0.069972
0.27112
0.327488
-0.456379
0.154017
-0.580225
-0.177257
0.212332
-0.442726
0.599319
0.284391
0.52725
0.269807
-0.790169
-0.364958
0.513106
0.359512
-0.381624
-0.103936
-0.142082
0.545985
-0.27504
-0.62835
-0.48377
0.77577
0.888861
0.61642
0.235136
-0.413435
0.346832
0.714516
0.43913
-0.53628
0.189698
0.039805
-0.112913
-0.166231
0.074823
-0.079737
-0.235043
0.552416
-0.128267
0.11
0.615605
0.104205
-0.450257
-0.429893
0.015037
-0.327365
0.421345
-0.67404
-0.21763
-0.361481
0.233383
0.755855
0.342953
-0.31483
-0.25289
0.24435
0.37431
-0.152105
-0.05377
0.863081
-0.168965
0.617437
0.987703
-0.38082
0.33713
0.59037
-0.06266
0.40188
0.53013
-0.67663
0.554897
-0.6023
-0.69167
1.3491
-0.29535
-0.15598
0.08499
-0.01321
0.20605
0.404617
0.18481
0.07978
-0.08748
-0.08715
0.02175
0.168948
0.55987
0.16714
0.4048
-0.27749
0.04215
0.683495
-0.1799
-0.173823
0.274684
1.217473
-0.76486
-0.919731
1.031051
1.065951
-0.710961
1.266361
0.139764
1.13959
-0.05221
-0.546309
0.599893
-0.469167
-0.388387
0.348324
0.786701
-0.001649
-0.301793
0.435628
0.104733
-0.107193
0.004967
1.036567
-0.026811
-0.193758
0.372508
-0.002174
1.027083
0.281916
0.383133
1.041074
-0.520508
-0.165211
-0.297742
-0.294427
0.707257
-0.373921
-0.467564
0.51623
-0.082395
-0.391456
-0.400087
0.317891
-0.425552
0.039196
0.33856
-0.118679
0.51843
-0.756234
-0.289261
-0.018029
0.418328
0.279469
1.07887
-1.064383
0.774411
-0.674235
-0.8626
1.005664
0.036748
-0.720619
-1.102277
-0.28116
-0.816434
1.095114
0.122967
-0.434352
1.11057
0.146461
1.16901
-0.324584
-0.346725
0.023108
0.077386
-0.083706
-0.045818
-0.403575
0.1524
-0.028381
0.079379
-0.388448
-0.209722
0.453884
0.029201
-0.050045
0.000251
-0.792113
-0.341726
0.389161
-0.15197
0.183762
-0.090998
-0.006766
0.004117
-0.439716
1.445371
0.281845
0.335253
-0.05248
1.22715
0.007947
0.256722
0.299827
-0.460493
0.075858
0.342959
0.496804
0.176433
0.696575
0.972246
0.261185
0.881456
0.24365
0.11029
-0.043029
-0.110408
0.069449
0.221949
0.267823
-0.48203
0.932359
-0.981547
1.029728
-0.305143
0.556662
-0.131027
-0.132839
0.2402464
-0.233509
-0.41187
0.12112
0.626133
0.305519
0.89286
0.614282
-0.061456
0.384043
0.186004
-0.208281
0.326934
0.276363
0.461407
-0.155098
0.425957
0.725929
0.493636
0.396479
0.715675
0.132984
-0.028627
-0.415501
1.187885
0.50681
1.037067
-0.191654
0.03177
-0.066915
1.056813
-0.422988
0.385153
-0.563868
0.068719
-0.004494
-0.174909
-0.457943
0.077486
0.314145
0.121527
0.152523
0.544451
0.419436
0.148131
0.568711
-0.237831
0.176905
0.537408
0.27417
-0.33049
0.33017
-0.405039
-0.264278
0.958353
0.052568
1.174517
-0.281957
0.046164
0.363873
0.202659
-0.35347
0.248736
0.85051
0.329696
0.130697
0.369444
0.160665
-0.49007
-0.364999
0.100981
-0.16038
-0.19259
1.173618
-0.00463
-0.69906
0.423825
-0.07881
1.070006
-0.300665
0.097366
-0.41153
1.116552
-0.302573
-0.071492
-0.57968
0.148715
-0.024128
0.031071
0.884327
0.017688
0.044524
-0.10592
0.001865
0.750948
0.40324
-0.683787
-1.079742
-0.127481
0.926571
0.351287
-0.217372
-0.289444
-0.378996
-0.1077
-0.15963
-0.282703
-0.421935
-0.277524
-0.047417
-0.073336
0.084845
0.195066
0.445814
0.144349
0.742186
0.103084
0.1012
0.182557
-0.032794
-0.050148
0.639675
-0.102346
0.938487
-0.360069
0.736738
0.564213
0.267723
-0.093798
0.718527
-0.03094
0.122784
-0.663801
-1.204916
0.20174
0.215153
-0.269347
-0.50993
-0.188489
0.188489
-0.45566
0.45566
0.029269
0.3940